1 7.8
3 9.4
5 11
7 12.6
9 14.2
11 5.8
13 7.4
15 9
17 0.6
19 2.2
21 3.8
23 5.4
25 7
27 8.6
29 0.2
31 1.8
33 3.4
35 5
37 6.6
39 8.2
41 9.8
43 1.4
45 3
47 4.6
49 6.2
51 7.8
53 9.4
55 1
57 2.6
59 4.2
61 5.8
63 7.4
65 9
67 0.6
69 2.2
71 3.8
73 5.4
75 7
77 8.6
79 0.2
81 1.8
83 3.4
85 5
87 6.6
89 8.2
91 9.8
93 1.4
95 3
97 4.6
99 6.2
101 87.8
103 89.4
105 91
107 92.6
109 94.2
111 95.8
113 97.4
115 99
117 100.6
119 102.2
121 103.8
123 105.4
125 107
127 108.6
129 110.2
131 111.8
133 113.4
135 115
137 116.6
139 118.2
141 119.8
143 121.4
145 123
147 124.6
149 126.2
151 127.8
153 129.4
155 131
157 132.6
159 134.2
161 135.8
163 137.4
165 139
167 140.6
169 142.2
171 143.8
173 145.4
175 147
177 148.6
179 150.2
181 151.8
183 153.4
185 155
187 156.6
189 158.2
191 159.8
193 161.4
195 163
197 164.6
199 166.2